SourceProgram=geant4_11_3_0
Target=WATER_LIQUID
IonizationPotential=78.0
Ion=He
AtomicNumber=2
MassNumber=4
E [MeV/u]	dEdx [MeV/cm]
0.1		2062
0.101393		2070.2
0.102804		2078.28
0.104236		2086.25
0.105688		2094.09
0.107159		2101.81
0.108652		2109.4
0.110165		2116.85
0.111699		2124.16
0.113254		2131.32
0.114831		2138.35
0.11643		2145.22
0.118052		2151.93
0.119696		2158.49
0.121362		2164.89
0.123052		2171.12
0.124766		2177.19
0.126503		2183.09
0.128265		2188.81
0.130051		2194.36
0.131862		2199.72
0.133698		2204.89
0.13556		2209.87
0.137448		2214.65
0.139362		2219.23
0.141303		2223.6
0.14327		2227.76
0.145265		2231.7
0.147288		2235.43
0.149339		2238.93
0.151419		2242.22
0.153528		2245.29
0.155665		2248.12
0.157833		2250.71
0.160031		2253.06
0.16226		2255.17
0.164519		2257.03
0.16681		2258.64
0.169133		2260
0.171488		2261.1
0.173876		2261.94
0.176298		2262.53
0.178753		2262.85
0.181242		2262.92
0.183766		2262.73
0.186325		2262.27
0.188919		2261.57
0.19155		2260.6
0.194217		2259.39
0.196922		2257.93
0.199664		2256.22
0.202445		2254.21
0.205264		2251.94
0.208122		2249.43
0.21102		2246.66
0.213959		2243.63
0.216938		2240.33
0.219959		2236.76
0.223022		2232.92
0.226128		2228.8
0.229277		2224.39
0.23247		2219.69
0.235707		2214.69
0.238989		2209.39
0.242317		2203.79
0.245692		2197.88
0.249113		2191.65
0.252582		2185.14
0.256099		2178.33
0.259666		2171.19
0.263282		2163.73
0.266948		2155.95
0.270665		2147.85
0.274434		2139.43
0.278256		2130.68
0.282131		2121.62
0.28606		2112.24
0.290043		2102.55
0.294082		2092.55
0.298177		2082.24
0.302329		2071.64
0.30654		2060.75
0.310808		2049.58
0.315136		2038.14
0.319525		2026.43
0.323974		2014.47
0.328486		2002.27
0.33306		1989.85
0.337698		1977.23
0.342401		1964.41
0.347169		1951.43
0.352003		1938.29
0.356905		1925.03
0.361875		1911.68
0.366914		1898.24
0.372024		1884.77
0.377204		1871.24
0.382457		1857.66
0.387783		1844.09
0.393183		1830.53
0.398658		1816.99
0.40421		1803.47
0.409838		1789.96
0.415546		1776.48
0.421332		1763.02
0.427199		1749.59
0.433148		1736.19
0.43918		1722.82
0.445296		1709.47
0.451497		1696.16
0.457784		1682.88
0.464159		1669.64
0.470622		1656.43
0.477176		1643.25
0.483821		1630.11
0.490558		1617.01
0.49739		1603.94
0.504316		1590.86
0.511339		1577.8
0.518459		1564.78
0.525679		1551.8
0.532999		1538.86
0.540422		1525.96
0.547947		1513.12
0.555578		1500.33
0.563314		1487.59
0.571159		1474.91
0.579112		1462.29
0.587177		1449.73
0.595353		1437.24
0.603644		1424.81
0.61205		1412.45
0.620573		1400.16
0.629215		1387.94
0.637977		1375.79
0.646861		1363.72
0.655869		1351.71
0.665002		1339.78
0.674262		1327.93
0.683652		1316.14
0.693172		1304.43
0.702824		1292.79
0.712612		1281.22
0.722535		1269.72
0.732597		1258.28
0.742798		1246.9
0.753142		1235.61
0.76363		1224.45
0.774264		1213.35
0.785046		1202.31
0.795978		1191.33
0.807062		1180.42
0.818301		1169.57
0.829696		1158.8
0.84125		1148.1
0.852964		1137.48
0.864842		1126.93
0.876886		1116.46
0.889097		1106.07
0.901478		1095.76
0.914031		1085.53
0.926759		1075.38
0.939665		1065.31
0.95275		1055.33
0.966017		1045.42
0.97947		1035.59
0.993109		1025.85
1.00694		1016.16
1.02096		1006.54
1.03518		996.994
1.04959		987.527
1.06421		978.14
1.07903		968.832
1.09405		959.605
1.10929		950.459
1.12474		941.393
1.1404		932.407
1.15628		923.501
1.17238		914.672
1.18871		905.919
1.20526		897.24
1.22204		888.632
1.23906		880.093
1.25632		871.618
1.27381		863.204
1.29155		854.854
1.30954		846.568
1.32777		838.348
1.34626		830.193
1.36501		822.105
1.38402		814.084
1.40329		806.129
1.42283		798.239
1.44264		790.416
1.46273		782.656
1.4831		774.959
1.50376		767.321
1.5247		759.731
1.54593		752.203
1.56746		744.736
1.58928		737.334
1.61141		729.996
1.63385		722.724
1.65661		715.519
1.67967		708.381
1.70307		701.311
1.72678		694.308
1.75083		687.373
1.77521		680.506
1.79993		673.706
1.82499		666.971
1.85041		660.3
1.87617		653.693
1.9023		647.146
1.92879		640.657
1.95565		634.224
1.98288		627.842
2.0105		621.526
2.03849		615.286
2.06688		609.094
2.09566		602.95
2.12485		596.856
2.15443		590.811
2.18444		584.817
2.21486		578.874
2.2457		572.983
2.27697		567.143
2.30868		561.355
2.34083		555.618
2.37342		549.931
2.40648		544.294
2.43999		538.705
2.47396		533.164
2.50842		527.662
2.54335		522.182
2.57876		516.747
2.61467		511.36
2.65108		506.02
2.688		500.731
2.72543		495.493
2.76339		490.306
2.80187		485.173
2.84088		480.094
2.88044		475.07
2.92056		470.101
2.96123		465.188
3.00246		460.332
3.04427		455.532
3.08666		450.788
3.12965		446.101
3.17323		441.47
3.21742		436.894
3.26222		432.372
3.30765		427.903
3.35371		423.486
3.40041		419.119
3.44776		414.799
3.49578		410.525
3.54446		406.292
3.59381		402.099
3.64386		397.94
3.6946		393.813
3.74605		389.712
3.79822		385.698
3.85111		381.713
3.90474		377.751
3.95911		373.814
4.01424		369.902
4.07014		366.017
4.12682		362.159
4.18429		358.329
4.24256		354.529
4.30164		350.758
4.36154		347.018
4.42227		343.309
4.48386		339.632
4.5463		335.986
4.6096		332.374
4.6738		328.794
4.73888		325.247
4.80487		321.733
4.87178		318.251
4.93962		314.803
5.00841		311.384
5.07815		307.976
5.14887		304.601
5.22057		301.259
5.29327		297.952
5.36698		294.68
5.44171		291.444
5.51749		288.245
5.59433		285.083
5.67223		281.959
5.75122		278.873
5.83131		275.826
5.91251		272.818
5.99484		269.85
6.07832		266.92
6.16297		264.029
6.24879		261.178
6.3358		258.364
6.42403		255.589
6.51349		252.85
6.60419		250.148
6.69616		247.481
6.78941		244.847
6.88395		242.246
6.97981		239.674
7.07701		237.131
7.17556		234.613
7.27548		232.118
7.3768		229.643
7.47952		227.184
7.58368		224.767
7.68928		222.371
7.79636		219.987
7.90493		217.619
8.01501		215.265
8.12662		212.928
8.23979		210.607
8.35453		208.303
8.47087		206.017
8.58883		203.75
8.70843		201.503
8.8297		199.275
8.95266		197.067
9.07733		194.881
9.20373		192.716
9.3319		190.573
9.46185		188.452
9.59361		186.354
9.7272		184.279
9.86266		182.228
10		180.2
10.1393		178.19
10.2804		176.203
10.4236		174.241
10.5688		172.303
10.7159		170.389
10.8652		168.498
11.0165		166.632
11.1699		164.789
11.3254		162.97
11.4831		161.173
11.643		159.398
11.8052		157.645
11.9696		155.912
12.1362		154.199
12.3052		152.504
12.4766		150.826
12.6503		149.164
12.8265		147.517
13.0051		145.886
13.1862		144.27
13.3698		142.671
13.556		141.089
13.7448		139.522
13.9362		137.972
14.1303		136.439
14.327		134.922
14.5265		133.421
14.7288		131.935
14.9339		130.466
15.1419		129.009
15.3528		127.567
15.5665		126.14
15.7833		124.729
16.0031		123.334
16.226		121.955
16.4519		120.592
16.681		119.245
16.9133		117.915
17.1488		116.601
17.3876		115.303
17.6298		114.021
17.8753		112.755
18.1242		111.505
18.3766		110.269
18.6325		109.048
18.8919		107.841
19.155		106.648
19.4217		105.467
19.6922		104.298
19.9664		103.14
20.2445		102
20.5264		100.872
20.8122		99.7534
21.102		98.6451
21.3959		97.5473
21.6938		96.4601
21.9959		95.3835
22.3022		94.3178
22.6128		93.263
22.9277		92.219
23.247		91.186
23.5707		90.1637
23.8989		89.1522
24.2317		88.1513
24.5692		87.1608
24.9113		86.1804
25.2582		85.2057
25.6099		84.2394
25.9666		83.2833
26.3282		82.3375
26.6948		81.4025
27.0665		80.4783
27.4434		79.5653
27.8256		78.6635
28.2131		77.7733
28.606		76.8946
29.0043		76.0278
29.4082		75.1727
29.8177		74.3296
30.2329		73.4984
30.654		72.6791
31.0808		71.8717
31.5136		71.076
31.9525		70.292
32.3974		69.5193
32.8486		68.7578
33.306		68.0072
33.7698		67.267
34.2401		66.5368
34.7169		65.8162
35.2003		65.1044
35.6905		64.401
36.1875		63.7049
36.6914		63.0156
37.2024		62.3318
37.7204		61.6585
38.2457		60.9972
38.7783		60.3403
39.3183		59.6879
39.8658		59.0404
40.421		58.3977
40.9838		57.7602
41.5546		57.1279
42.1332		56.501
42.7199		55.8796
43.3148		55.2639
43.918		54.6541
44.5296		54.0501
45.1497		53.4521
45.7784		52.8602
46.4159		52.2744
47.0622		51.6948
47.7176		51.1214
48.3821		50.5542
49.0558		49.9933
49.739		49.4384
50.4316		48.8871
51.1339		48.3404
51.8459		47.7999
52.5679		47.2659
53.2999		46.7384
54.0422		46.2176
54.7947		45.7036
55.5578		45.1965
56.3314		44.6964
57.1159		44.2035
57.9112		43.7177
58.7177		43.2391
59.5353		42.7677
60.3644		42.3036
61.205		41.8466
62.0573		41.3969
62.9215		40.9542
63.7977		40.5185
64.6861		40.0896
65.5869		39.6675
66.5002		39.2518
67.4262		38.8424
68.3652		38.4389
69.3172		38.041
70.2824		37.6484
71.2612		37.2606
72.2535		36.8772
73.2597		36.4975
74.2798		36.1211
75.3142		35.749
76.363		35.3834
77.4264		35.02
78.5046		34.6591
79.5978		34.3006
80.7062		33.9448
81.8301		33.5918
82.9696		33.2417
84.125		32.8946
85.2964		32.5505
86.4842		32.2097
87.6886		31.8722
88.9097		31.5382
90.1478		31.2077
91.4031		30.8808
92.6759		30.5576
93.9665		30.2383
95.275		29.9228
96.6017		29.6112
97.947		29.3037
99.3109		29.0002
100.694		28.7004
102.096		28.4042
103.518		28.1122
104.959		27.8243
106.421		27.5406
107.903		27.2609
109.405		26.9854
110.929		26.7139
112.474		26.4463
114.04		26.1826
115.628		25.9227
117.238		25.6663
118.871		25.4135
120.526		25.1639
122.204		24.9173
123.906		24.6736
125.632		24.4323
127.381		24.1935
129.155		23.9571
130.954		23.7231
132.777		23.4916
134.626		23.2626
136.501		23.0362
138.402		22.8123
140.329		22.591
142.283		22.3723
144.264		22.1561
146.273		21.9424
148.31		21.7312
150.376		21.5224
152.47		21.3156
154.593		21.1112
156.746		20.9094
158.928		20.7102
161.141		20.5136
163.385		20.3196
165.661		20.1284
167.967		19.9399
170.307		19.7542
172.678		19.5713
175.083		19.3913
177.521		19.214
179.993		19.0396
182.499		18.868
185.041		18.6991
187.617		18.5331
190.23		18.3697
192.879		18.2091
195.565		18.051
198.288		17.8954
201.05		17.7423
203.849		17.5915
206.688		17.4428
209.566		17.2962
212.485		17.1515
215.443		17.0084
218.444		16.8667
221.486		16.7263
224.57		16.5869
227.697		16.4481
230.868		16.3097
234.083		16.1712
237.342		16.0324
240.648		15.8928
243.999		15.752
247.396		15.6094
250.842		15.4336
254.335		15.3089
257.876		15.1864
261.467		15.066
265.108		14.9477
268.8		14.8314
272.543		14.717
276.339		14.6043
280.187		14.4933
284.088		14.3838
288.044		14.2756
292.056		14.1687
296.123		14.0627
300.246		13.9586
304.427		13.856
308.666		13.7542
312.965		13.6532
317.323		13.553
321.742		13.4537
326.222		13.3553
330.765		13.2578
335.371		13.1613
340.041		13.0659
344.776		12.9715
349.578		12.8781
354.446		12.7859
359.381		12.6949
364.386		12.605
369.46		12.5163
374.605		12.4289
379.822		12.3427
385.111		12.2579
390.474		12.1743
395.911		12.092
401.424		12.0109
407.014		11.9311
412.682		11.8526
418.429		11.7754
424.256		11.6996
430.164		11.6251
436.154		11.552
442.227		11.4801
448.386		11.4096
454.63		11.3402
460.96		11.2721
467.38		11.2051
473.888		11.1393
480.487		11.0745
487.178		11.0107
493.962		10.9478
500.841		10.8857
507.815		10.8244
514.887		10.7639
522.057		10.7042
529.327		10.6453
536.698		10.5873
544.171		10.5301
551.749		10.4738
559.433		10.4183
567.223		10.3637
575.122		10.31
583.131		10.2571
591.251		10.205
599.484		10.1538
607.832		10.1033
616.297		10.0536
624.879		10.0048
633.58		9.95683
642.403		9.90975
651.349		9.86355
660.419		9.81822
669.616		9.77378
678.941		9.7302
688.395		9.6875
697.981		9.64566
707.701		9.60468
717.556		9.56453
727.548		9.52519
737.68		9.48665
747.952		9.44888
758.368		9.41184
768.928		9.3755
779.636		9.33982
790.493		9.30475
801.501		9.2705
812.662		9.23696
823.979		9.20397
835.453		9.17153
847.087		9.13965
858.883		9.10832
870.843		9.07756
882.97		9.04735
895.266		9.0177
907.733		8.9886
920.373		8.96004
933.19		8.93201
946.185		8.9045
959.361		8.8775
972.72		8.85098
986.266		8.82493
1000		8.79922