SourceProgram=geant4_11_3_0
Target=WATER_LIQUID
IonizationPotential=78.0
Ion=N
AtomicNumber=7
MassNumber=14
E [MeV/u]	dEdx [MeV/cm]
0.1		7878.75
0.101393		7926.69
0.102804		7975.31
0.104236		8024.6
0.105688		8074.57
0.107159		8125.24
0.108652		8176.62
0.110165		8228.71
0.111699		8281.53
0.113254		8335.09
0.114831		8389.39
0.11643		8444.44
0.118052		8500.27
0.119696		8556.87
0.121362		8614.26
0.123052		8672.45
0.124766		8728.19
0.126503		8771.67
0.128265		8815.76
0.130051		8860.47
0.131862		8905.8
0.133698		8951.76
0.13556		8998.35
0.137448		9045.6
0.139362		9093.51
0.141303		9142.08
0.14327		9191.33
0.145265		9241.27
0.147288		9291.9
0.149339		9343.24
0.151419		9395.29
0.153528		9448.06
0.155665		9501.57
0.157833		9545.14
0.160031		9580.69
0.16226		9616.72
0.164519		9653.26
0.16681		9690.31
0.169133		9727.87
0.171488		9765.96
0.173876		9804.58
0.176298		9843.73
0.178753		9883.43
0.181242		9923.68
0.183766		9964.5
0.186325		10005.9
0.188919		10047.8
0.19155		10090.4
0.194217		10133.5
0.196922		10177.3
0.199664		10201.6
0.202445		10224.3
0.205264		10247.2
0.208122		10270.5
0.21102		10294.1
0.213959		10318.1
0.216938		10342.4
0.219959		10367
0.223022		10391.9
0.226128		10417.2
0.229277		10442.9
0.23247		10468.9
0.235707		10495.3
0.238989		10522
0.242317		10549.1
0.245692		10576.6
0.249113		10597.9
0.252582		10600.4
0.256099		10603
0.259666		10605.6
0.263282		10608.3
0.266948		10611
0.270665		10613.7
0.274434		10616.5
0.278256		10619.3
0.282131		10622.1
0.28606		10625
0.290043		10627.9
0.294082		10630.9
0.298177		10633.9
0.302329		10636.9
0.30654		10640
0.310808		10643.1
0.315136		10633.4
0.319525		10615.2
0.323974		10596.8
0.328486		10578.1
0.33306		10559.1
0.337698		10539.9
0.342401		10520.4
0.347169		10500.7
0.352003		10480.7
0.356905		10460.4
0.361875		10439.8
0.366914		10418.9
0.372024		10397.8
0.377204		10376.3
0.382457		10354.6
0.387783		10332.5
0.393183		10310.1
0.398658		10285.3
0.40421		10260
0.409838		10234.3
0.415546		10208.3
0.421332		10181.9
0.427199		10155.2
0.433148		10128.1
0.43918		10100.6
0.445296		10072.7
0.451497		10044.5
0.457784		10015.8
0.464159		9986.79
0.470622		9957.34
0.477176		9927.48
0.483821		9897.2
0.490558		9866.5
0.49739		9836.17
0.504316		9807.16
0.511339		9777.74
0.518459		9747.91
0.525679		9717.67
0.532999		9687.01
0.540422		9655.92
0.547947		9624.39
0.555578		9592.43
0.563314		9560.03
0.571159		9527.17
0.579112		9493.85
0.587177		9460.07
0.595353		9425.82
0.603644		9391.1
0.61205		9355.88
0.620573		9320.18
0.629215		9287.62
0.637977		9256.43
0.646861		9224.81
0.655869		9192.74
0.665002		9160.23
0.674262		9127.27
0.683652		9093.84
0.693172		9059.95
0.702824		9025.59
0.712612		8990.76
0.722535		8955.43
0.732597		8919.62
0.742798		8883.3
0.753142		8846.48
0.76363		8809.15
0.774264		8771.29
0.785046		8733.02
0.795978		8700.16
0.807062		8666.83
0.818301		8633.05
0.829696		8598.79
0.84125		8564.05
0.852964		8528.84
0.864842		8493.13
0.876886		8456.92
0.889097		8420.21
0.901478		8382.99
0.914031		8345.25
0.926759		8306.98
0.939665		8268.19
0.95275		8228.85
0.966017		8188.96
0.97947		8148.52
0.993109		8110.35
1.00694		8076.54
1.02096		8042.26
1.03518		8007.5
1.04959		7972.25
1.06421		7936.51
1.07903		7900.28
1.09405		7863.54
1.10929		7826.29
1.12474		7788.52
1.1404		7750.23
1.15628		7711.4
1.17238		7672.03
1.18871		7632.12
1.20526		7591.65
1.22204		7550.61
1.23906		7509
1.25632		7472.36
1.27381		7437.38
1.29155		7401.92
1.30954		7365.97
1.32777		7329.51
1.34626		7292.54
1.36501		7255.06
1.38402		7217.06
1.40329		7178.53
1.42283		7139.46
1.44264		7099.85
1.46273		7059.69
1.4831		7018.96
1.50376		6977.67
1.5247		6935.81
1.54593		6893.36
1.56746		6850.89
1.58928		6815.37
1.61141		6779.35
1.63385		6742.83
1.65661		6705.8
1.67967		6668.26
1.70307		6630.2
1.72678		6591.6
1.75083		6552.47
1.77521		6512.79
1.79993		6472.56
1.82499		6431.77
1.85041		6390.41
1.87617		6348.48
1.9023		6305.96
1.92879		6262.85
1.95565		6219.14
1.98288		6178.65
2.0105		6187.86
2.03849		6142.67
2.06688		6097.55
2.09566		6052.49
2.12485		6007.53
2.15443		5962.69
2.18444		5917.98
2.21486		5873.45
2.2457		5829.09
2.27697		5784.94
2.30868		5741.01
2.34083		5697.31
2.37342		5653.87
2.40648		5610.68
2.43999		5567.77
2.47396		5525.13
2.50842		5482.77
2.54335		5440.7
2.57876		5398.9
2.61467		5357.72
2.65108		5316.81
2.688		5276.13
2.72543		5235.65
2.76339		5195.35
2.80187		5155.2
2.84088		5115.16
2.88044		5075.21
2.92056		5035.28
2.96123		4995.33
3.00246		4955.7
3.04427		4916.26
3.08666		4876.76
3.12965		4837.21
3.17323		4797.62
3.21742		4758.03
3.26222		4718.45
3.30765		4678.9
3.35371		4639.39
3.40041		4599.96
3.44776		4560.61
3.49578		4521.36
3.54446		4482.24
3.59381		4443.25
3.64386		4404.41
3.6946		4365.74
3.74605		4327.25
3.79822		4288.95
3.85111		4250.86
3.90474		4212.98
3.95911		4175.32
4.01424		4137.79
4.07014		4100.42
4.12682		4063.25
4.18429		4026.33
4.24256		3989.69
4.30164		3953.33
4.36154		3917.24
4.42227		3881.43
4.48386		3845.9
4.5463		3810.65
4.6096		3775.67
4.6738		3740.96
4.73888		3706.49
4.80487		3672.26
4.87178		3638.25
4.93962		3604.43
5.00841		3570.79
5.07815		3537.31
5.14887		3504.01
5.22057		3470.9
5.29327		3437.98
5.36698		3405.26
5.44171		3372.75
5.51749		3340.45
5.59433		3308.36
5.67223		3276.49
5.75122		3244.83
5.83131		3213.38
5.91251		3182.14
5.99484		3151.08
6.07832		3120.17
6.16297		3089.48
6.24879		3059.01
6.3358		3028.77
6.42403		2998.76
6.51349		2969
6.60419		2939.49
6.69616		2910.24
6.78941		2881.24
6.88395		2852.49
6.97981		2824.01
7.07701		2795.79
7.17556		2767.82
7.27548		2740.13
7.3768		2712.71
7.47952		2685.52
7.58368		2658.55
7.68928		2631.79
7.79636		2605.22
7.90493		2578.83
8.01501		2552.74
8.12662		2526.89
8.23979		2501.21
8.35453		2475.7
8.47087		2450.36
8.58883		2425.2
8.70843		2400.22
8.8297		2375.44
8.95266		2350.84
9.07733		2326.44
9.20373		2302.23
9.3319		2278.21
9.46185		2254.39
9.59361		2230.77
9.7272		2207.33
9.86266		2184.07
10		2160.92
10.1393		2137.88
10.2804		2115.03
10.4236		2092.37
10.5688		2069.9
10.7159		2047.65
10.8652		2025.62
11.0165		2003.8
11.1699		1982.21
11.3254		1960.86
11.4831		1939.75
11.643		1918.87
11.8052		1898.24
11.9696		1877.86
12.1362		1857.73
12.3052		1837.85
12.4766		1818.22
12.6503		1798.83
12.8265		1779.68
13.0051		1760.78
13.1862		1742.11
13.3698		1723.66
13.556		1705.43
13.7448		1687.41
13.9362		1669.58
14.1303		1651.93
14.327		1634.45
14.5265		1617.1
14.7288		1599.88
14.9339		1582.82
15.1419		1566.12
15.3528		1549.5
15.5665		1532.98
15.7833		1516.56
16.0031		1500.23
16.226		1484.02
16.4519		1467.92
16.681		1451.95
16.9133		1436.09
17.1488		1420.36
17.3876		1404.76
17.6298		1389.29
17.8753		1373.96
18.1242		1358.77
18.3766		1343.72
18.6325		1328.8
18.8919		1314.04
19.155		1299.41
19.4217		1284.93
19.6922		1270.59
19.9664		1256.35
20.2445		1242.19
20.5264		1228.18
20.8122		1214.31
21.102		1200.6
21.3959		1187.04
21.6938		1173.65
21.9959		1160.42
22.3022		1147.36
22.6128		1134.47
22.9277		1121.75
23.247		1109.2
23.5707		1096.83
23.8989		1084.63
24.2317		1072.61
24.5692		1060.76
24.9113		1049.08
25.2582		1037.58
25.6099		1026.25
25.9666		1015.08
26.3282		1004.07
26.6948		993.219
27.0665		982.517
27.4434		971.955
27.8256		961.526
28.2131		951.219
28.606		941.023
29.0043		930.924
29.4082		920.909
29.8177		910.974
30.2329		901.237
30.654		891.556
31.0808		881.935
31.5136		872.377
31.9525		862.885
32.3974		853.461
32.8486		844.11
33.306		834.833
33.7698		825.634
34.2401		816.516
34.7169		807.481
35.2003		798.531
35.6905		789.67
36.1875		780.898
36.6914		772.219
37.2024		763.634
37.7204		755.145
38.2457		746.753
38.7783		738.461
39.3183		730.268
39.8658		722.169
40.421		714.154
40.9838		706.241
41.5546		698.431
42.1332		690.724
42.7199		683.12
43.3148		675.619
43.918		668.219
44.5296		660.919
45.1497		653.718
45.7784		646.613
46.4159		639.6
47.0622		632.677
47.7176		625.84
48.3821		619.083
49.0558		612.402
49.739		605.789
50.4316		599.239
51.1339		592.753
51.8459		586.333
52.5679		579.978
53.2999		573.691
54.0422		567.472
54.7947		561.32
55.5578		555.237
56.3314		549.222
57.1159		543.275
57.9112		537.396
58.7177		531.583
59.5353		525.835
60.3644		520.14
61.205		514.509
62.0573		508.943
62.9215		503.445
63.7977		498.014
64.6861		492.652
65.5869		487.358
66.5002		482.133
67.4262		476.977
68.3652		471.89
69.3172		466.872
70.2824		461.921
71.2612		457.036
72.2535		452.218
73.2597		447.462
74.2798		442.769
75.3142		438.134
76.363		433.555
77.4264		429.029
78.5046		424.552
79.5978		420.126
80.7062		415.775
81.8301		411.467
82.9696		407.201
84.125		402.979
85.2964		398.8
86.4842		394.666
87.6886		390.577
88.9097		386.532
90.1478		382.532
91.4031		378.577
92.6759		374.666
93.9665		370.8
95.275		366.976
96.6017		363.196
97.947		359.456
99.3109		355.756
100.694		352.073
102.096		348.43
103.518		344.827
104.959		341.266
106.421		337.747
107.903		334.271
109.405		330.841
110.929		327.455
112.474		324.116
114.04		320.822
115.628		317.576
117.238		314.378
118.871		311.227
120.526		308.124
122.204		305.068
123.906		302.06
125.632		299.099
127.381		296.184
129.155		293.315
130.954		290.491
132.777		287.71
134.626		284.97
136.501		282.271
138.402		279.608
140.329		276.982
142.283		274.387
144.264		271.822
146.273		269.282
148.31		266.764
150.376		264.302
152.47		261.872
154.593		259.461
156.746		257.068
158.928		254.694
161.141		252.341
163.385		250.008
165.661		247.697
167.967		245.407
170.307		243.139
172.678		240.895
175.083		238.673
177.521		236.475
179.993		234.302
182.499		232.152
185.041		230.028
187.617		227.928
190.23		225.852
192.879		223.802
195.565		221.776
198.288		219.775
201.05		217.783
203.849		215.815
206.688		213.872
209.566		211.954
212.485		210.063
215.443		208.199
218.444		206.361
221.486		204.551
224.57		202.769
227.697		201.016
230.868		199.29
234.083		197.593
237.342		195.924
240.648		194.284
243.999		192.672
247.396		191.088
250.842		189.532
254.335		188.003
257.876		186.501
261.467		185.025
265.108		183.574
268.8		182.148
272.543		180.744
276.339		179.362
280.187		178
284.088		176.656
288.044		175.33
292.056		174.017
296.123		172.717
300.246		171.44
304.427		170.181
308.666		168.932
312.965		167.692
317.323		166.463
321.742		165.244
326.222		164.037
330.765		162.841
335.371		161.658
340.041		160.487
344.776		159.33
349.578		158.186
354.446		157.055
359.381		155.939
364.386		154.837
369.46		153.75
374.605		152.679
379.822		151.623
385.111		150.582
390.474		149.558
395.911		148.55
401.424		147.555
407.014		146.577
412.682		145.615
418.429		144.669
424.256		143.739
430.164		142.826
436.154		141.929
442.227		141.048
448.386		140.183
454.63		139.332
460.96		138.497
467.38		137.675
473.888		136.867
480.487		136.072
487.178		135.289
493.962		134.517
500.841		133.755
507.815		133.003
514.887		132.26
522.057		131.528
529.327		130.805
536.698		130.094
544.171		129.392
551.749		128.701
559.433		128.021
567.223		127.351
575.122		126.692
583.131		126.043
591.251		125.405
599.484		124.776
607.832		124.157
616.297		123.548
624.879		122.95
633.58		122.362
642.403		121.784
651.349		121.218
660.419		120.662
669.616		120.117
678.941		119.583
688.395		119.059
697.981		118.546
707.701		118.043
717.556		117.551
727.548		117.068
737.68		116.595
747.952		116.132
758.368		115.677
768.928		115.231
779.636		114.793
790.493		114.363
801.501		113.942
812.662		113.531
823.979		113.126
835.453		112.727
847.087		112.336
858.883		111.951
870.843		111.573
882.97		111.203
895.266		110.839
907.733		110.481
920.373		110.131
933.19		109.787
946.185		109.449
959.361		109.117
972.72		108.792
986.266		108.472
1000		108.156