SourceProgram=fluka_2020_0
Target=WATER_LIQUID
IonizationPotential=77.0
Ion=F
AtomicNumber=9
MassNumber=19
E [MeV/u]	dEdx [MeV/cm]
1.00000e-01	1.03337e+04
1.04737e-01	1.05973e+04
1.09699e-01	1.08535e+04
1.14895e-01	1.11130e+04
1.20338e-01	1.13637e+04
1.26038e-01	1.16051e+04
1.32009e-01	1.18433e+04
1.38262e-01	1.20779e+04
1.44812e-01	1.23031e+04
1.51672e-01	1.25136e+04
1.58857e-01	1.27138e+04
1.66382e-01	1.29137e+04
1.74263e-01	1.30834e+04
1.82518e-01	1.32540e+04
1.91164e-01	1.34038e+04
2.00220e-01	1.35439e+04
2.09705e-01	1.36641e+04
2.19639e-01	1.37700e+04
2.30043e-01	1.38600e+04
2.40940e-01	1.39346e+04
2.52354e-01	1.39900e+04
2.64308e-01	1.40300e+04
2.76829e-01	1.40600e+04
2.89942e-01	1.41000e+04
3.03677e-01	1.40700e+04
3.18063e-01	1.40400e+04
3.33129e-01	1.40100e+04
3.48910e-01	1.39700e+04
3.65438e-01	1.39251e+04
3.82749e-01	1.38849e+04
4.00881e-01	1.38450e+04
4.19871e-01	1.38048e+04
4.39760e-01	1.37400e+04
4.60592e-01	1.36446e+04
4.82411e-01	1.35546e+04
5.05263e-01	1.34643e+04
5.29198e-01	1.33730e+04
5.54266e-01	1.32833e+04
5.80523e-01	1.31900e+04
6.08022e-01	1.30928e+04
6.36825e-01	1.29938e+04
6.66992e-01	1.28900e+04
6.98588e-01	1.27800e+04
7.31681e-01	1.26700e+04
7.66341e-01	1.25527e+04
8.02643e-01	1.24328e+04
8.40665e-01	1.23100e+04
8.80488e-01	1.21800e+04
9.22198e-01	1.20424e+04
9.65883e-01	1.19024e+04
1.01164e+00	1.17621e+04
1.05956e+00	1.16120e+04
1.10975e+00	1.14627e+04
1.16232e+00	1.13015e+04
1.21738e+00	1.11419e+04
1.27505e+00	1.09810e+04
1.33545e+00	1.08114e+04
1.39871e+00	1.06410e+04
1.46497e+00	1.05011e+04
1.53437e+00	1.03600e+04
1.60705e+00	1.02111e+04
1.68318e+00	1.00503e+04
1.76291e+00	9.89874e+03
1.84642e+00	9.73809e+03
1.93389e+00	9.57491e+03
2.02550e+00	9.40888e+03
2.12145e+00	9.24062e+03
2.22195e+00	9.06990e+03
2.32720e+00	8.89893e+03
2.43744e+00	8.72668e+03
2.55291e+00	8.55841e+03
2.67384e+00	8.39301e+03
2.80050e+00	8.22674e+03
2.93317e+00	8.05972e+03
3.07211e+00	7.89029e+03
3.21764e+00	7.71966e+03
3.37006e+00	7.54713e+03
3.52971e+00	7.37295e+03
3.69691e+00	7.19625e+03
3.87204e+00	7.01913e+03
4.05546e+00	6.82664e+03
4.24757e+00	6.63356e+03
4.44878e+00	6.43501e+03
4.65953e+00	6.23166e+03
4.88025e+00	6.02989e+03
5.11143e+00	5.83204e+03
5.35357e+00	5.64133e+03
5.60717e+00	5.45242e+03
5.87279e+00	5.26688e+03
6.15099e+00	5.08837e+03
6.44236e+00	4.91318e+03
6.74754e+00	4.74192e+03
7.06718e+00	4.57905e+03
7.40196e+00	4.42049e+03
7.75260e+00	4.26679e+03
8.11984e+00	4.11972e+03
8.50449e+00	3.97720e+03
8.90735e+00	3.83949e+03
9.32930e+00	3.70621e+03
9.77124e+00	3.57687e+03
1.02341e+01	3.45382e+03
1.07189e+01	3.33249e+03
1.12267e+01	3.21696e+03
1.17585e+01	3.10407e+03
1.23155e+01	2.99525e+03
1.28989e+01	2.89093e+03
1.35099e+01	2.78900e+03
1.41499e+01	2.69124e+03
1.48202e+01	2.59628e+03
1.55223e+01	2.50439e+03
1.62576e+01	2.41595e+03
1.70277e+01	2.33013e+03
1.78343e+01	2.24667e+03
1.86791e+01	2.16701e+03
1.95640e+01	2.08907e+03
2.04907e+01	2.01463e+03
2.14614e+01	1.94267e+03
2.24781e+01	1.87281e+03
2.35429e+01	1.80561e+03
2.46581e+01	1.74109e+03
2.58262e+01	1.67818e+03
2.70496e+01	1.61739e+03
2.83310e+01	1.55959e+03
2.96730e+01	1.50372e+03
3.10787e+01	1.44927e+03
3.25509e+01	1.39697e+03
3.40929e+01	1.34698e+03
3.57079e+01	1.29834e+03
3.73994e+01	1.25195e+03
3.91710e+01	1.20691e+03
4.10266e+01	1.16416e+03
4.29700e+01	1.12234e+03
4.50056e+01	1.08224e+03
4.71375e+01	1.04360e+03
4.93705e+01	1.00670e+03
5.17092e+01	9.70390e+02
5.41587e+01	9.36243e+02
5.67243e+01	9.02998e+02
5.94113e+01	8.70792e+02
6.22257e+01	8.40232e+02
6.51734e+01	8.10565e+02
6.82607e+01	7.82278e+02
7.14943e+01	7.54637e+02
7.48810e+01	7.28333e+02
7.84282e+01	7.03195e+02
8.21434e+01	6.78622e+02
8.60346e+01	6.55181e+02
9.01102e+01	6.32664e+02
9.43788e+01	6.11312e+02
9.88496e+01	5.90683e+02
1.03532e+02	5.70811e+02
1.08437e+02	5.51976e+02
1.13573e+02	5.33658e+02
1.18953e+02	5.16161e+02
1.24588e+02	4.99336e+02
1.30490e+02	4.83319e+02
1.36672e+02	4.67828e+02
1.43146e+02	4.52953e+02
1.49927e+02	4.38743e+02
1.57029e+02	4.25070e+02
1.64468e+02	4.11946e+02
1.72259e+02	3.99436e+02
1.80419e+02	3.87350e+02
1.88965e+02	3.75847e+02
1.97917e+02	3.64827e+02
2.07292e+02	3.54319e+02
2.17112e+02	3.44061e+02
2.27397e+02	3.34441e+02
2.38169e+02	3.25109e+02
2.49451e+02	3.16294e+02
2.61268e+02	3.07803e+02
2.73644e+02	2.99707e+02
2.86607e+02	2.91948e+02
3.00184e+02	2.84507e+02
3.14404e+02	2.77442e+02
3.29297e+02	2.70647e+02
3.44896e+02	2.64210e+02
3.61234e+02	2.58046e+02
3.78346e+02	2.52163e+02
3.96269e+02	2.46547e+02
4.15040e+02	2.41257e+02
4.34701e+02	2.36156e+02
4.55294e+02	2.31338e+02
4.76861e+02	2.26815e+02
4.99451e+02	2.22436e+02
5.23110e+02	2.18293e+02
5.47890e+02	2.14410e+02
5.73844e+02	2.10679e+02
6.01028e+02	2.07205e+02
6.29499e+02	2.03853e+02
6.59319e+02	2.00680e+02
6.90551e+02	1.97702e+02
7.23263e+02	1.94897e+02
7.57525e+02	1.92294e+02
7.93410e+02	1.89855e+02
8.30994e+02	1.87508e+02
8.70359e+02	1.85349e+02
9.11589e+02	1.83371e+02
9.54772e+02	1.81470e+02
1.00000e+03	1.79554e+02