CellType  HSG

Parameter Alpha_ref 0.1200
Parameter Beta_ref 0.0615
Parameter scale_factor 1.00
Parameter Alpha0 0.1200
Parameter Beta0 0.0430

Fragment He
1.00000e-01 1.99336e+02 3.86008e+01 1.60972e-01
1.12500e-01 2.05639e+02 3.74786e+01 1.66088e-01
1.25000e-01 2.10416e+02 3.66612e+01 1.69973e-01
1.37500e-01 2.13953e+02 3.60731e+01 1.72860e-01
1.50000e-01 2.16328e+02 3.56856e+01 1.74809e-01
1.62500e-01 2.17835e+02 3.54415e+01 1.76058e-01
1.75000e-01 2.18458e+02 3.53384e+01 1.76594e-01
1.87500e-01 2.18382e+02 3.53452e+01 1.76566e-01
2.00000e-01 2.17773e+02 3.54358e+01 1.76108e-01
2.12500e-01 2.16618e+02 3.56134e+01 1.75208e-01
2.25000e-01 2.15146e+02 3.58433e+01 1.74053e-01
2.37500e-01 2.13328e+02 3.61319e+01 1.72619e-01
2.50000e-01 2.11217e+02 3.64729e+01 1.70948e-01
3.12500e-01 1.97171e+02 3.88895e+01 1.59774e-01
3.75000e-01 1.82040e+02 4.17595e+01 1.47716e-01
4.37500e-01 1.67908e+02 4.46465e+01 1.36454e-01
5.00000e-01 1.55750e+02 4.72133e+01 1.26779e-01
5.62500e-01 1.44494e+02 4.95636e+01 1.17828e-01
6.25000e-01 1.35079e+02 5.14120e+01 1.10356e-01
6.87500e-01 1.26520e+02 5.29152e+01 1.03572e-01
7.50000e-01 1.19607e+02 5.39376e+01 9.81153e-02
8.75000e-01 1.07356e+02 5.51638e+01 8.84575e-02
1.00000e+00 9.73703e+01 5.54110e+01 8.06185e-02
1.12500e+00 8.91303e+01 5.49635e+01 7.41778e-02
1.25000e+00 8.24303e+01 5.40882e+01 6.89748e-02
1.37500e+00 7.68208e+01 5.29638e+01 6.46458e-02
1.50000e+00 7.15892e+01 5.15777e+01 6.06090e-02
1.62500e+00 6.72629e+01 5.01672e+01 5.73006e-02
1.75000e+00 6.32933e+01 4.86606e+01 5.42671e-02
1.87500e+00 5.96081e+01 4.70768e+01 5.14551e-02
2.00000e+00 5.64552e+01 4.55764e+01 4.90721e-02
2.12500e+00 5.37278e+01 4.41704e+01 4.70310e-02
2.25000e+00 5.10663e+01 4.27053e+01 4.50299e-02
2.37500e+00 4.87257e+01 4.13391e+01 4.32830e-02
2.50000e+00 4.63880e+01 3.99053e+01 4.15309e-02
3.12500e+00 3.76580e+01 3.39411e+01 3.50398e-02
3.75000e+00 3.16799e+01 2.93463e+01 3.04946e-02
4.37500e+00 2.74058e+01 2.58338e+01 2.70952e-02
5.00000e+00 2.40721e+01 2.29719e+01 2.43379e-02
5.62500e+00 2.15691e+01 2.07574e+01 2.21712e-02
6.25000e+00 1.94712e+01 1.88607e+01 2.04084e-02
6.87500e+00 1.77571e+01 1.72853e+01 1.89190e-02
7.50000e+00 1.64273e+01 1.60481e+01 1.76241e-02
8.75000e+00 1.41458e+01 1.38969e+01 1.55078e-02
1.00000e+01 1.24437e+01 1.22705e+01 1.38500e-02
1.12500e+01 1.11363e+01 1.10099e+01 1.25166e-02
1.25000e+01 1.01451e+01 1.00482e+01 1.15174e-02
1.37500e+01 9.21958e+00 9.14572e+00 1.05594e-02
1.50000e+01 8.50355e+00 8.44491e+00 9.79186e-03
1.62500e+01 7.94400e+00 7.89577e+00 9.08707e-03
1.75000e+01 7.42258e+00 7.38287e+00 8.50093e-03
1.87500e+01 6.92604e+00 6.89345e+00 8.01090e-03
2.00000e+01 6.51510e+00 6.48774e+00 7.57064e-03
2.12500e+01 6.18499e+00 6.16143e+00 7.17088e-03
2.25000e+01 5.89825e+00 5.87771e+00 6.82508e-03
2.37500e+01 5.58005e+00 5.56253e+00 6.44413e-03
2.50000e+01 5.30582e+00 5.29064e+00 6.18675e-03
3.12500e+01 4.32634e+00 4.31791e+00 4.98207e-03
3.75000e+01 3.65000e+00 3.64483e+00 4.22882e-03
4.37500e+01 3.20152e+00 3.19798e+00 3.63039e-03
5.00000e+01 2.83678e+00 2.83428e+00 3.20914e-03
5.62500e+01 2.55226e+00 2.55041e+00 2.91079e-03
6.25000e+01 2.31677e+00 2.31538e+00 2.66962e-03
6.87500e+01 2.14394e+00 2.14283e+00 2.44297e-03
7.50000e+01 1.98652e+00 1.98562e+00 2.26861e-03
8.75000e+01 1.74462e+00 1.74401e+00 1.95627e-03
1.00000e+02 1.54674e+00 1.54631e+00 1.78610e-03
1.12500e+02 1.41349e+00 1.41315e+00 1.61821e-03
1.25000e+02 1.28235e+00 1.28210e+00 1.45207e-03
1.37500e+02 1.18649e+00 1.18629e+00 1.39138e-03
1.50000e+02 1.11514e+00 1.11497e+00 1.28872e-03
1.62500e+02 1.04682e+00 1.04668e+00 1.21930e-03
1.75000e+02 9.93418e-01 9.93297e-01 1.17342e-03
1.87500e+02 9.36731e-01 9.36628e-01 1.06922e-03
2.00000e+02 8.91588e-01 8.91499e-01 1.04613e-03
2.12500e+02 8.55346e-01 8.55267e-01 9.62459e-04
2.25000e+02 8.25648e-01 8.25577e-01 9.53891e-04
2.37500e+02 8.01670e-01 8.01605e-01 8.91443e-04
2.50000e+02 7.69644e-01 7.69586e-01 8.90105e-04
3.12500e+02 6.64299e-01 6.64260e-01 7.73108e-04
3.75000e+02 5.92504e-01 5.92477e-01 6.74249e-04
4.37500e+02 5.46926e-01 5.46905e-01 6.15579e-04
5.00000e+02 5.06340e-01 5.06323e-01 5.79282e-04
5.62500e+02 4.80992e-01 4.80976e-01 5.58086e-04
6.25000e+02 4.59736e-01 4.59722e-01 5.11782e-04
6.87500e+02 4.46101e-01 4.46089e-01 5.09648e-04
7.50000e+02 4.29950e-01 4.29939e-01 4.77496e-04
8.75000e+02 4.11170e-01 4.11160e-01 4.64029e-04
1.00000e+03 3.97243e-01 3.97234e-01 4.28556e-04

Fragment C
1.00000e-01 6.45815e+02 1.20083e+01 5.21538e-01
1.12500e-01 6.80786e+02 1.13934e+01 5.49874e-01
1.25000e-01 7.11210e+02 1.09085e+01 5.74548e-01
1.37500e-01 7.37778e+02 1.05186e+01 5.96118e-01
1.50000e-01 7.60469e+02 1.02078e+01 6.14569e-01
1.62500e-01 7.80149e+02 9.95346e+00 6.30595e-01
1.75000e-01 7.96538e+02 9.75191e+00 6.43970e-01
1.87500e-01 8.10171e+02 9.59105e+00 6.55126e-01
2.00000e-01 8.21570e+02 9.46127e+00 6.64483e-01
2.12500e-01 8.30548e+02 9.36225e+00 6.71889e-01
2.25000e-01 8.37964e+02 9.28265e+00 6.78039e-01
2.37500e-01 8.43619e+02 9.22364e+00 6.82771e-01
2.50000e-01 8.47666e+02 9.18277e+00 6.86206e-01
3.12500e-01 8.46628e+02 9.20911e+00 6.86251e-01
3.75000e-01 8.28941e+02 9.41931e+00 6.72885e-01
4.37500e-01 8.05058e+02 9.71062e+00 6.54524e-01
5.00000e-01 7.81612e+02 1.00121e+01 6.36520e-01
5.62500e-01 7.55426e+02 1.03668e+01 6.16322e-01
6.25000e-01 7.32589e+02 1.06957e+01 5.98817e-01
6.87500e-01 7.09379e+02 1.10484e+01 5.81021e-01
7.50000e-01 6.91106e+02 1.13418e+01 5.67225e-01
8.75000e-01 6.53911e+02 1.19801e+01 5.39069e-01
1.00000e+00 6.20095e+02 1.26151e+01 5.13631e-01
1.12500e+00 5.89605e+02 1.32377e+01 4.90849e-01
1.25000e+00 5.63433e+02 1.38131e+01 4.71546e-01
1.37500e+00 5.40249e+02 1.43564e+01 4.54635e-01
1.50000e+00 5.16152e+02 1.49620e+01 4.36913e-01
1.62500e+00 4.95711e+02 1.55057e+01 4.22135e-01
1.75000e+00 4.75592e+02 1.60750e+01 4.07530e-01
1.87500e+00 4.55681e+02 1.66765e+01 3.93033e-01
2.00000e+00 4.38268e+02 1.72297e+01 3.80549e-01
2.12500e+00 4.22894e+02 1.77390e+01 3.69699e-01
2.25000e+00 4.06950e+02 1.83015e+01 3.58283e-01
2.37500e+00 3.92659e+02 1.88275e+01 3.48163e-01
2.50000e+00 3.77593e+02 1.94209e+01 3.37352e-01
3.12500e+00 3.18431e+02 2.20745e+01 2.95303e-01
3.75000e+00 2.74427e+02 2.45652e+01 2.63025e-01
4.37500e+00 2.41147e+02 2.69971e+01 2.37254e-01
5.00000e+00 2.13999e+02 2.95243e+01 2.15249e-01
5.62500e+00 1.93076e+02 3.19006e+01 1.97425e-01
6.25000e+00 1.75105e+02 3.43061e+01 1.82590e-01
6.87500e+00 1.60194e+02 3.65627e+01 1.69826e-01
7.50000e+00 1.48521e+02 3.84808e+01 1.58572e-01
8.75000e+00 1.28209e+02 4.19308e+01 1.39932e-01
1.00000e+01 1.12911e+02 4.43260e+01 1.25164e-01
1.12500e+01 1.01101e+02 4.57525e+01 1.13209e-01
1.25000e+01 9.21250e+01 4.64164e+01 1.04228e-01
1.37500e+01 8.37262e+01 4.64997e+01 9.55836e-02
1.50000e+01 7.72264e+01 4.61622e+01 8.86538e-02
1.62500e+01 7.21458e+01 4.56135e+01 8.22819e-02
1.75000e+01 6.74113e+01 4.48166e+01 7.69827e-02
1.87500e+01 6.29011e+01 4.37773e+01 7.25518e-02
2.00000e+01 5.91696e+01 4.27179e+01 6.85698e-02
2.12500e+01 5.61726e+01 4.17351e+01 6.49531e-02
2.25000e+01 5.35701e+01 4.07784e+01 6.18257e-02
2.37500e+01 5.06811e+01 3.95739e+01 5.83767e-02
2.50000e+01 4.81915e+01 3.84381e+01 5.60499e-02
3.12500e+01 3.93022e+01 3.36200e+01 4.51464e-02
3.75000e+01 3.31638e+01 2.95793e+01 3.83292e-02
4.37500e+01 2.90941e+01 2.66007e+01 3.29092e-02
5.00000e+01 2.57832e+01 2.40023e+01 2.90948e-02
5.62500e+01 2.32002e+01 2.18757e+01 2.63942e-02
6.25000e+01 2.10619e+01 2.00527e+01 2.42103e-02
6.87500e+01 1.94929e+01 1.86834e+01 2.21569e-02
7.50000e+01 1.80632e+01 1.74112e+01 2.05775e-02
8.75000e+01 1.58663e+01 1.54160e+01 1.77466e-02
1.00000e+02 1.40686e+01 1.37487e+01 1.62062e-02
1.12500e+02 1.28582e+01 1.26112e+01 1.46838e-02
1.25000e+02 1.16664e+01 1.14789e+01 1.31770e-02
1.37500e+02 1.07953e+01 1.06451e+01 1.26284e-02
1.50000e+02 1.01471e+01 1.00216e+01 1.16975e-02
1.62500e+02 9.52614e+00 9.42121e+00 1.10682e-02
1.75000e+02 9.04084e+00 8.95067e+00 1.06529e-02
1.87500e+02 8.52557e+00 8.44920e+00 9.70673e-03
2.00000e+02 8.11510e+00 8.04885e+00 9.49813e-03
2.12500e+02 7.78580e+00 7.72673e+00 8.73855e-03
2.25000e+02 7.51585e+00 7.46258e+00 8.66180e-03
2.37500e+02 7.29799e+00 7.24917e+00 8.09464e-03
2.50000e+02 7.00680e+00 6.96328e+00 8.08352e-03
3.12500e+02 6.04882e+00 6.02014e+00 7.02274e-03
3.75000e+02 5.39598e+00 5.37528e+00 6.12544e-03
4.37500e+02 4.98156e+00 4.96511e+00 5.59313e-03
5.00000e+02 4.61238e+00 4.59916e+00 5.26400e-03
5.62500e+02 4.38190e+00 4.37048e+00 5.07207e-03
6.25000e+02 4.18852e+00 4.17852e+00 4.65128e-03
6.87500e+02 4.06454e+00 4.05540e+00 4.63251e-03
7.50000e+02 3.91762e+00 3.90937e+00 4.34032e-03
8.75000e+02 3.74687e+00 3.73962e+00 4.21855e-03
1.00000e+03 3.62026e+00 3.61368e+00 3.89617e-03

Fragment O
1.00000e-01 8.36769e+02 9.27066e+00 6.75753e-01
1.12500e-01 8.89738e+02 8.72206e+00 7.18652e-01
1.25000e-01 9.36812e+02 8.28766e+00 7.56807e-01
1.37500e-01 9.78768e+02 7.93648e+00 7.90844e-01
1.50000e-01 1.01548e+03 7.65370e+00 8.20666e-01
1.62500e-01 1.04803e+03 7.42028e+00 8.47130e-01
1.75000e-01 1.07598e+03 7.23178e+00 8.69892e-01
1.87500e-01 1.10001e+03 7.07800e+00 8.89503e-01
2.00000e-01 1.12079e+03 6.95107e+00 9.06493e-01
2.12500e-01 1.13806e+03 6.84984e+00 9.20657e-01
2.25000e-01 1.15296e+03 6.76558e+00 9.32916e-01
2.37500e-01 1.16523e+03 6.69862e+00 9.43056e-01
2.50000e-01 1.17506e+03 6.64682e+00 9.51236e-01
3.12500e-01 1.19160e+03 6.57585e+00 9.65859e-01
3.75000e-01 1.18048e+03 6.65935e+00 9.58222e-01
4.37500e-01 1.15733e+03 6.81400e+00 9.40901e-01
5.00000e-01 1.13247e+03 6.98489e+00 9.22227e-01
5.62500e-01 1.10187e+03 7.19945e+00 8.98960e-01
6.25000e-01 1.07482e+03 7.40065e+00 8.78564e-01
6.87500e-01 1.04621e+03 7.62185e+00 8.56929e-01
7.50000e-01 1.02407e+03 7.80488e+00 8.40556e-01
8.75000e-01 9.77054e+02 8.21224e+00 8.05578e-01
1.00000e+00 9.33319e+02 8.62204e+00 7.73271e-01
1.12500e+00 8.93295e+02 9.02564e+00 7.43949e-01
1.25000e+00 8.58807e+02 9.39763e+00 7.19116e-01
1.37500e+00 8.28097e+02 9.74811e+00 6.97326e-01
1.50000e+00 7.95388e+02 1.01387e+01 6.73830e-01
1.62500e+00 7.67716e+02 1.04860e+01 6.54411e-01
1.75000e+00 7.40088e+02 1.08482e+01 6.34901e-01
1.87500e+00 7.12376e+02 1.12289e+01 6.15246e-01
2.00000e+00 6.88160e+02 1.15745e+01 5.98418e-01
2.12500e+00 6.66792e+02 1.18879e+01 5.83881e-01
2.25000e+00 6.44258e+02 1.22330e+01 5.68242e-01
2.37500e+00 6.24049e+02 1.25506e+01 5.54423e-01
2.50000e+00 6.02384e+02 1.29086e+01 5.39330e-01
3.12500e+00 5.16642e+02 1.44336e+01 4.80423e-01
3.75000e+00 4.51645e+02 1.57342e+01 4.34164e-01
4.37500e+00 4.01728e+02 1.69481e+01 3.96384e-01
5.00000e+00 3.60214e+02 1.82331e+01 3.63265e-01
5.62500e+00 3.27845e+02 1.94602e+01 3.35987e-01
6.25000e+00 2.99529e+02 2.07695e+01 3.12910e-01
6.87500e+00 2.75725e+02 2.20815e+01 2.92728e-01
7.50000e+00 2.56965e+02 2.32877e+01 2.74657e-01
8.75000e+00 2.23610e+02 2.59301e+01 2.44177e-01
1.00000e+01 1.98044e+02 2.85277e+01 2.19547e-01
1.12500e+01 1.78035e+02 3.10188e+01 1.99309e-01
1.25000e+01 1.62685e+02 3.32661e+01 1.83981e-01
1.37500e+01 1.48148e+02 3.56013e+01 1.69040e-01
1.50000e+01 1.36839e+02 3.75688e+01 1.56999e-01
1.62500e+01 1.27967e+02 3.91782e+01 1.45860e-01
1.75000e+01 1.19654e+02 4.06409e+01 1.36565e-01
1.87500e+01 1.11706e+02 4.19275e+01 1.28775e-01
2.00000e+01 1.05117e+02 4.28980e+01 1.21756e-01
2.12500e+01 9.98181e+01 4.35957e+01 1.15368e-01
2.25000e+01 9.52106e+01 4.41101e+01 1.09838e-01
2.37500e+01 9.00875e+01 4.44796e+01 1.03728e-01
2.50000e+01 8.56695e+01 4.46641e+01 9.96064e-02
3.12500e+01 6.98782e+01 4.39472e+01 8.02539e-02
3.75000e+01 5.89639e+01 4.17307e+01 6.81407e-02
4.37500e+01 5.17264e+01 3.93484e+01 5.85057e-02
5.00000e+01 4.58387e+01 3.67841e+01 5.17246e-02
5.62500e+01 4.12460e+01 3.43946e+01 4.69233e-02
6.25000e+01 3.74441e+01 3.21541e+01 4.30409e-02
6.87500e+01 3.46544e+01 3.03717e+01 3.93902e-02
7.50000e+01 3.21127e+01 2.86361e+01 3.65824e-02
8.75000e+01 2.82069e+01 2.57785e+01 3.15496e-02
1.00000e+02 2.50109e+01 2.32716e+01 2.88110e-02
1.12500e+02 2.28590e+01 2.15094e+01 2.61046e-02
1.25000e+02 2.07403e+01 1.97109e+01 2.34258e-02
1.37500e+02 1.91917e+01 1.83649e+01 2.24506e-02
1.50000e+02 1.80393e+01 1.73463e+01 2.07956e-02
1.62500e+02 1.69353e+01 1.63552e+01 1.96768e-02
1.75000e+02 1.60727e+01 1.55733e+01 1.89385e-02
1.87500e+02 1.51565e+01 1.47329e+01 1.72563e-02
2.00000e+02 1.44269e+01 1.40590e+01 1.68856e-02
2.12500e+02 1.38414e+01 1.35132e+01 1.55352e-02
2.25000e+02 1.33615e+01 1.30653e+01 1.53988e-02
2.37500e+02 1.29742e+01 1.27025e+01 1.43905e-02
2.50000e+02 1.24565e+01 1.22142e+01 1.43707e-02
3.12500e+02 1.07535e+01 1.05935e+01 1.24849e-02
3.75000e+02 9.59283e+00 9.47713e+00 1.08896e-02
4.37500e+02 8.85615e+00 8.76418e+00 9.94338e-03
5.00000e+02 8.19979e+00 8.12579e+00 9.35822e-03
5.62500e+02 7.79006e+00 7.72615e+00 9.01704e-03
6.25000e+02 7.44622e+00 7.39022e+00 8.26891e-03
6.87500e+02 7.22585e+00 7.17469e+00 8.23558e-03
7.50000e+02 6.96464e+00 6.91846e+00 7.71612e-03
8.75000e+02 6.66113e+00 6.62046e+00 7.49967e-03
1.00000e+03 6.43604e+00 6.39916e+00 6.92654e-03

