SourceProgram=mstar_3_12
Target=WATER_LIQUID
IonizationPotential=75.0
Ion=O
AtomicNumber=8
MassNumber=16
E [MeV/u]	dEdx [MeV/cm]
1.00000E-01 8.65806E+03
1.12500E-01 9.20901E+03
1.25000E-01 9.69977E+03
1.37500E-01 1.01345E+04
1.50000E-01 1.05175E+04
1.62500E-01 1.08528E+04
1.75000E-01 1.11446E+04
1.87500E-01 1.13969E+04
2.00000E-01 1.16132E+04
2.12500E-01 1.17975E+04
2.25000E-01 1.19528E+04
2.37500E-01 1.20824E+04
2.50000E-01 1.21891E+04
3.12500E-01 1.23926E+04
3.75000E-01 1.22989E+04
4.37500E-01 1.20816E+04
5.00000E-01 1.18119E+04
5.62500E-01 1.15269E+04
6.25000E-01 1.12551E+04
6.87500E-01 1.09979E+04
7.50000E-01 1.07558E+04
8.75000E-01 1.03128E+04
1.00000E+00 9.91625E+03
1.12500E+00 9.55480E+03
1.25000E+00 9.22446E+03
1.37500E+00 8.91986E+03
1.50000E+00 8.63968E+03
1.62500E+00 8.37643E+03
1.75000E+00 8.13004E+03
1.87500E+00 7.90001E+03
2.00000E+00 7.68428E+03
2.12500E+00 7.48040E+03
2.25000E+00 7.28864E+03
2.37500E+00 7.10706E+03
2.50000E+00 6.93468E+03
3.12500E+00 6.18875E+03
3.75000E+00 5.59093E+03
4.37500E+00 5.10093E+03
5.00000E+00 4.69176E+03
5.62500E+00 4.34459E+03
6.25000E+00 4.04589E+03
6.87500E+00 3.78635E+03
7.50000E+00 3.55890E+03
8.75000E+00 3.17976E+03
1.00000E+01 2.87621E+03
1.12500E+01 2.62805E+03
1.25000E+01 2.42138E+03
1.37500E+01 2.24663E+03
1.50000E+01 2.09697E+03
1.62500E+01 1.96756E+03
1.75000E+01 1.85423E+03
1.87500E+01 1.75426E+03
2.00000E+01 1.66543E+03
2.12500E+01 1.58596E+03
2.25000E+01 1.51442E+03
2.37500E+01 1.44968E+03
2.50000E+01 1.39079E+03
3.12500E+01 1.16131E+03
3.75000E+01 1.00270E+03
4.37500E+01 8.86208E+02
5.00000E+01 7.96844E+02
5.62500E+01 7.26014E+02
6.25000E+01 6.68426E+02
6.87500E+01 6.20643E+02
7.50000E+01 5.80328E+02
8.75000E+01 5.15987E+02
1.00000E+02 4.66862E+02
1.12500E+02 4.28087E+02
1.25000E+02 3.96686E+02
1.37500E+02 3.70728E+02
1.50000E+02 3.48906E+02
1.62500E+02 3.30302E+02
1.75000E+02 3.14255E+02
1.87500E+02 3.00269E+02
2.00000E+02 2.87977E+02
2.12500E+02 2.77088E+02
2.25000E+02 2.67376E+02
2.37500E+02 2.58663E+02
2.50000E+02 2.50805E+02
3.12500E+02 2.20834E+02
3.75000E+02 2.00853E+02
4.37500E+02 1.86685E+02
5.00000E+02 1.76187E+02
5.62500E+02 1.68153E+02
6.25000E+02 1.61857E+02
6.87500E+02 1.56818E+02
7.50000E+02 1.52733E+02
8.75000E+02 1.46596E+02
1.00000E+03 1.42233E+02