SourceProgram=mstar_3_12
Target=WATER_LIQUID
IonizationPotential=75.0
Ion=Ne
AtomicNumber=10
MassNumber=20
E [MeV/u]	dEdx [MeV/cm]
1.00000E-01 9.72735E+03
1.12500E-01 1.05360E+04
1.25000E-01 1.12767E+04
1.37500E-01 1.19511E+04
1.50000E-01 1.25617E+04
1.62500E-01 1.31115E+04
1.75000E-01 1.36042E+04
1.87500E-01 1.40436E+04
2.00000E-01 1.44336E+04
2.12500E-01 1.47783E+04
2.25000E-01 1.50815E+04
2.37500E-01 1.53468E+04
2.50000E-01 1.55779E+04
3.12500E-01 1.62372E+04
3.75000E-01 1.64068E+04
4.37500E-01 1.63368E+04
5.00000E-01 1.61414E+04
5.62500E-01 1.58854E+04
6.25000E-01 1.56179E+04
6.87500E-01 1.53487E+04
7.50000E-01 1.50837E+04
8.75000E-01 1.45753E+04
1.00000E+00 1.40990E+04
1.12500E+00 1.36506E+04
1.25000E+00 1.32312E+04
1.37500E+00 1.28378E+04
1.50000E+00 1.24713E+04
1.62500E+00 1.21231E+04
1.75000E+00 1.17944E+04
1.87500E+00 1.14856E+04
2.00000E+00 1.11944E+04
2.12500E+00 1.09178E+04
2.25000E+00 1.06567E+04
2.37500E+00 1.04085E+04
2.50000E+00 1.01722E+04
3.12500E+00 9.14205E+03
3.75000E+00 8.30831E+03
4.37500E+00 7.61966E+03
5.00000E+00 7.04072E+03
5.62500E+00 6.54640E+03
6.25000E+00 6.11852E+03
6.87500E+00 5.74464E+03
7.50000E+00 5.41523E+03
8.75000E+00 4.86217E+03
1.00000E+01 4.41540E+03
1.12500E+01 4.04725E+03
1.25000E+01 3.73854E+03
1.37500E+01 3.47594E+03
1.50000E+01 3.24986E+03
1.62500E+01 3.05350E+03
1.75000E+01 2.88086E+03
1.87500E+01 2.72806E+03
2.00000E+01 2.59190E+03
2.12500E+01 2.46978E+03
2.25000E+01 2.35961E+03
2.37500E+01 2.25971E+03
2.50000E+01 2.16871E+03
3.12500E+01 1.81286E+03
3.75000E+01 1.56602E+03
4.37500E+01 1.38439E+03
5.00000E+01 1.24492E+03
5.62500E+01 1.13433E+03
6.25000E+01 1.04438E+03
6.87500E+01 9.69736E+02
7.50000E+01 9.06752E+02
8.75000E+01 8.06226E+02
1.00000E+02 7.29470E+02
1.12500E+02 6.68886E+02
1.25000E+02 6.19822E+02
1.37500E+02 5.79262E+02
1.50000E+02 5.45166E+02
1.62500E+02 5.16097E+02
1.75000E+02 4.91023E+02
1.87500E+02 4.69171E+02
2.00000E+02 4.49965E+02
2.12500E+02 4.32949E+02
2.25000E+02 4.17776E+02
2.37500E+02 4.04161E+02
2.50000E+02 3.91882E+02
3.12500E+02 3.45053E+02
3.75000E+02 3.13833E+02
4.37500E+02 2.91695E+02
5.00000E+02 2.75292E+02
5.62500E+02 2.62739E+02
6.25000E+02 2.52902E+02
6.87500E+02 2.45028E+02
7.50000E+02 2.38646E+02
8.75000E+02 2.29056E+02
1.00000E+03 2.22239E+02